3220 4
5095 2
6970 1
8850 1
10730 2
12590 1
14450 3
16360 4
18270 3
18505 2
18740 3
18990 1
19240 4
19475 1
19710 1
19925 4
20140 4
20375 2
20610 1
20725 4
20840 4
20955 4
21070 4
21195 4
21320 2
21520 2
21970 3
22420 1
22680 1
22940 4
23175 3
23410 3
23635 4
23860 3
24090 4
24320 4
24445 4
24570 4
24695 4
24820 4
24935 3
25050 1
25160 4
25270 3
25720 4
26170 2
26435 2
26700 1
26930 4
27160 3
27415 3
27670 3
27890 3
28110 1
28235 3
28360 1
28465 4
28570 1
28685 3
28800 4
28905 1
29010 2
29465 3
29920 2
30175 1
30430 4
30665 2
30900 2
31135 4
31370 2
31590 3
31810 3
31935 1
32060 1
32179 2
32299 2
32424 2
32549 1
32659 1
32770 2
36610 1
40450 3
40835 1
41220 4
41475 1
41730 2
41955 4
42180 3
42430 4
42680 4
42900 1
43120 2
43375 3
43630 3
43860 2
44090 4
45205 4
46320 3
46550 3
46780 2
47045 3
47310 4
47525 2
47740 1
48200 2
48660 4
48910 1
49160 2
49420 2
49680 4
49900 4
50120 4
50345 2
50570 4
50705 1
50840 4
50960 3
51080 3
51195 4
51310 1
51415 2
51520 3
51935 4
52350 2
52600 4
52850 3
53095 4
53340 3
53595 2
53850 4
54065 4
54280 1
54425 4
54570 4
54710 4
54850 4
54965 4
55080 3
55610 3
56140 4
56410 1
56680 3
56910 3
57140 4
57375 3
57610 4
57835 1
58060 2
58190 1
58320 3
58460 3
58600 3
58735 3
58870 3
59390 3
59910 3
60180 3
60450 2
60685 1
60920 3
61135 2
61350 1
61595 4
61840 3
61965 3
62090 4
62205 3
62320 3
62475 1
62630 2
62800 2
63245 3
63690 1
63949 4
64209 1
64434 3
64660 1
64890 2
65120 4
65355 1
65590 1
65700 4
65810 4
65940 2
66070 3
66195 2
66320 1
66520 4
66925 2
67330 3
67595 1
67860 2
68110 1
68360 2
68600 2
68840 3
69075 3
69310 1
69435 2
69560 2
69695 4
69830 4
69970 1
70110 3
70430 2
70750 4
70985 4
71220 3
71465 3
71710 1
71925 2
72140 3
72385 1
72630 2
72870 4
73110 4
73365 1
73620 3
73845 1
74070 1
74305 3
74540 3
74780 3
75020 2
75245 2
75470 3
75680 4
75890 4
76105 2
76320 3
76560 4
76800 4
77050 4
77300 3
77545 2
77790 2
78230 2
78670 3
78945 3
79220 3
79450 1
79680 2
79910 1
80140 4
80375 3
80610 2
80725 4
80840 1
80955 1
81070 2
81185 4
81300 4
81410 4
81520 2
81965 1
82410 1
82690 2
82970 4
83175 3
83380 2
83625 1
83870 2
84095 3
84320 4
84450 2
84580 1
84700 4
84820 2
84945 2
85070 4
85175 4
85280 4
85710 4
86140 3
86400 1
86660 1
86890 3
87120 1
87365 4
87610 4
87850 3
88090 4
88215 4
88340 4
88460 2
88580 4
88705 3
88830 3
88950 2
89070 3
89485 4
89900 2
90160 1
90420 2
90665 1
90910 4
91150 4
91390 3
91615 3
91840 4
91960 1
92080 3
92215 3
92350 3
92485 3
92620 4
95045 1
97470 2
97700 1
97930 4
98185 4
98440 3
98665 3
98890 3
99125 1
99360 4
99475 3
99590 2
99710 2
99830 2
99955 4
100080 3
100185 2
100290 4
100710 1
101130 4
101390 4
101650 4
101900 4
102150 2
102380 4
102610 2
102835 3
103060 4
103210 2
103360 2
103475 4
103590 3
103715 2
103840 3
104370 3
104900 4
105140 1
105380 1
105630 4
105880 1
106120 2
106360 2
106585 2
106810 4
106950 2
107090 3
107210 4
107330 3
107465 1
107600 3
107710 1
107820 4
108230 2
108640 2
108880 3
109120 2
109370 1
109620 3
109855 2
110090 4
110330 2
110570 3
110695 4
110820 4
110950 1
111080 4
111225 2
111370 3
111670 4
111970 2
112255 2
112540 1
112940 4
113340 1
113810 3
114280 1
114755 3
115230 2
115680 4
116130 4
116600 3
117070 4
117525 2
117980 1
118465 2
118950 1
119390 2
119830 2
120300 3
120770 3
121250 1
121730 2
122225 3
122720 3
123120 1
123520 4
124045 4
124570 1
125020 1
125470 3
128320 4
131170 2
131400 2
131630 2
131880 2
132130 1
132375 3
132620 3
132850 2
133080 4
133205 3
133330 1
133450 4
133570 4
133675 4
133780 4
133905 3
134030 1
134450 1
134870 1
135130 1
135390 4
135625 4
135860 1
136100 3
136340 4
136590 2
136840 3
136965 4
137090 1
137210 2
137330 2
137530 3
137655 4
137780 1
138205 4
138630 2
138890 4
139150 4
139365 3
139580 3
139830 4
140080 2
140315 2
140550 1
140665 3
140780 4
140900 1
141020 2
141155 2
141290 1
141820 2
142350 2
142625 2
142900 1
143130 2
143360 1
143610 3
143860 3
144100 4
144340 4
144590 2
144840 2
145065 3
145290 4
145500 2
145710 2
145960 1
146210 1
146435 1
146660 1
146905 2
147150 4
137680 3
142895 1
148110 3
148340 3
148570 4
148805 1
149040 4
149285 4
149530 3
149760 1
149990 1
150230 4
150470 1
150695 3
150920 3
151150 4
151380 1
151620 2
151860 4
152100 4
152340 4
152590 2
152840 2
153055 1
153270 3
153520 4
153770 3
153970 4
154075 4
154180 1
154300 4
154420 2
154535 4
154650 3
154765 4
154880 3
155005 3
155130 1
155260 4
155390 4
155500 1
155610 2
155720 1
155830 3
155950 1
156070 4
156185 1
156300 2
156425 4
156550 4
156660 3
156770 2
156875 4
156980 1
157100 3
157220 2
157420 2
157530 1
157670 1
157800 4
157930 4
158070 3
158180 2
158310 1
158555 2
158800 3
159060 1
159320 2
159555 1
159790 4
160015 1
160240 3
160480 2
160720 2
160950 3
161180 2
161415 4
161650 1
161890 2
162130 4
162350 3
162570 1
162810 1
163050 1
163295 2
163540 1
163775 2
164010 4
164250 2
164490 3
164775 2
165060 4
165265 4
165470 4
165710 3
165950 1
166205 3
166460 4
166690 4
166920 4
167135 1
167350 1
167570 3
167790 4
168050 2
168310 1
168525 2
168740 3
168995 4
169250 4
169470 3
169690 1
169910 2
170130 1
170365 4
170600 4
170825 2
171050 3
171295 1
171540 4
171780 4
172020 4
172240 4
172460 2
172700 3
172940 2
173150 3
173360 2
173620 2
173880 1
174095 3
174310 2
174445 2
174580 2
174705 3
174830 3
174950 3
175070 1
175195 4
175320 1
175540 4
175760 4
176000 4
176240 1
176460 1
176680 2
176910 3
177140 3
177365 2
177590 1
177835 1
178080 2
178195 4
178310 2
178445 2
178580 4
178690 2
178800 4
178910 3
179020 3
179270 3
179520 4
179755 1
179990 3
180235 1
180480 4
180710 2
180940 2
181175 4
181410 1
181625 4
181840 4
181955 4
182070 3
182210 1
182350 4
182550 1
182665 1
182780 3
183230 4
183680 2
183945 3
184210 2
184435 2
184660 1
184875 3
185090 1
185340 3
185590 2
185710 4
185830 1
185955 3
186080 2
186200 3
186320 3
186425 2
186530 2
187000 3
187470 1
187715 3
187960 1
188175 4
188390 2
188615 2
188840 3
189090 2
189340 3
189450 3
189560 2
189700 4
189840 3
189960 3
190080 1
190280 1