1.660
5.470
5.670
9.130
9.650
10.170
10.640
11.150
11.620
12.070
12.500
12.960
13.180
13.450
13.660
13.890
14.120
14.310
16.530
17.520
18.030
18.460
18.670
18.880
19.320
19.800
20.240
20.760
21.210
21.550
21.810
22.160
22.610
23.010
23.310
23.560
24.470
24.900
25.210
25.470
25.870
26.070
26.300
26.710
27.000
27.250
27.690
28.550
28.840
29.110
29.570
30.010
31.320
31.810
32.260
32.730
33.170
33.430
33.790
34.180
34.520
34.820
35.050
35.180
35.550
35.940
36.360
36.800
37.150
37.450
37.780
38.200
38.710
39.180
39.640
40.100
40.510
40.860
41.160
41.510
41.930
42.200
42.460
42.740
43.370
43.760
44.070
44.370
53.590
57.060
60.850
61.340
61.740
62.060
62.490
62.770
63.200
63.590
63.900
64.340
64.600
65.000
65.390
65.710
66.240
66.450
66.890
67.260
67.600
68.050
68.320
68.770
69.120
69.420
69.840
70.100
70.590
71.010
71.360
71.740
72.000
72.440
72.840
73.160
73.570
73.850
74.280
74.680
74.980
75.510
75.700
76.140
76.540
76.850
77.250
77.510
77.950
78.360
78.670
79.090
79.350
79.790
80.210
80.520
80.990
81.220
81.650
82.070
82.350
82.880
83.090
83.520
83.910
84.220
84.690
84.920
85.360
85.770
86.070
86.550
86.780
87.180
87.580
87.890
88.340
88.590
89.050
89.450
89.820
97.820
98.050
98.290
98.540
98.780
99.020
99.250
99.490
99.690
99.930
100.160
100.390
100.650
100.880
101.080
101.340
101.560
101.800
102.050
102.270
102.500
102.720
102.950
103.160
104.350
104.580
104.810
105.010
105.250
105.660
106.110
106.580
107.050
107.520
108.040
108.490
109.110
109.640
110.140
110.660
111.200
111.690
112.160
112.600
113.050
113.500
113.980
114.450
114.940
115.380
115.840
116.280
116.740
117.210
117.670
118.120
118.610
119.060
119.570
119.960
120.460
120.890
121.310
121.690
122.020
122.370
123.080
123.390
123.630
123.760
124.140
124.560
124.980
125.380
125.740
125.990
126.400
126.790
127.170
127.350
127.790
128.250
128.710
129.140
129.480
130.150
130.510
130.840
131.070
131.340
131.580
132.000
132.370
132.690
132.950
133.350
133.790
134.000
134.140
