1.57
3.02
3.58
4.82
5.12
5.61
6.97
7.24
7.72
10.12
11.34
11.86
13.11
13.41
13.92
15.2
15.52
16.03
18.4
19.6
20.15
21.73
22.24
23.76
24.31
26.08
26.75
28.05
28.56
29.94
30.59
32.16
32.73
35.08
36.39
36.89
38.41
38.97
40.5
40.97
42.77
43.4
44.71
45.25
46.77
47.31
48.8
49.35
51.79
53.07
53.57
54.94
55.19
55.69
57.0
57.28
57.76
60.11
61.32
61.8
63.34
63.59
64.03
65.38
65.66
66.17
68.45
69.66
70.19
71.56
71.87
72.36
73.67
73.94
74.45
76.79
78.11
78.61
79.93
80.21
80.67
81.98
82.29
82.78
85.14
86.38
86.88
88.45
89.05
90.55
91.09
92.84
93.48
94.9
95.37
96.87
97.41
98.85
99.39
101.29
101.86
103.14
103.64
105.2
105.76
107.29
107.85
109.68
110.22
110.94
111.64
112.08
113.37
113.65
114.12
115.43
115.71
116.19
117.65
118.16
118.54
119.71
120.24
121.7
121.97
122.43
123.78
124.04
124.58
126.91
127.44
127.97
128.53
129.06
129.58
130.11
130.64
131.14
131.68
132.2
132.71
133.23
133.73
134.26
134.8
135.28
135.79
136.37
136.87
137.4
137.91
138.47
139.0
139.52
140.05
140.54
141.04
141.56
142.1
142.58
143.61
144.88
145.33
146.75
146.99
147.49
148.83
149.11
149.61
151.15
151.48
151.76
152.0
153.25
153.73
155.1
155.34
155.83
157.16
157.46
157.94
160.43
160.94