3220 4
6970 1
10730 2
14450 3
18270 3
18740 3
19240 4
19710 1
20140 4
20610 1
20840 4
21070 4
21320 2
21520 2
22420 1
22940 4
23410 3
23860 3
24320 4
24570 4
24820 4
25050 1
25270 3
26170 2
26700 1
27160 3
27670 3
28110 1
28360 1
28570 1
28800 4
29010 2
29920 2
30430 4
30900 2
31370 2
31810 3
32060 1
32299 2
32549 1
32770 2
40450 3
41220 4
41730 2
42180 3
42680 4
43120 2
43630 3
44090 4
46320 3
46780 2
47310 4
47740 1
48660 4
49160 2
49680 4
50120 4
50570 4
50840 4
51080 3
51310 1
51520 3
52350 2
52850 3
53340 3
53850 4
54280 1
54570 4
54850 4
55080 3
56140 4
56680 3
57140 4
57610 4
58060 2
58320 3
58600 3
58870 3
59910 3
60450 2
60920 3
61350 1
61840 3
62090 4
62320 3
62630 2
62800 2
63690 1
64209 1
64660 1
65120 4
65590 1
65810 4
66070 3
66320 1
66520 4
67330 3
67860 2
68360 2
68840 3
69310 1
69560 2
69830 4
70110 3
70750 4
71220 3
71710 1
72140 3
72630 2
73110 4
73620 3
74070 1
74540 3
75020 2
75470 3
75890 4
76320 3
76800 4
77300 3
77790 2
78670 3
79220 3
79680 2
80140 4
80610 2
80840 1
81070 2
81300 4
81520 2
82410 1
82970 4
83380 2
83870 2
84320 4
84580 1
84820 2
85070 4
85280 4
86140 3
86660 1
87120 1
87610 4
88090 4
88340 4
88580 4
88830 3
89070 3
89900 2
90420 2
90910 4
91390 3
91840 4
92080 3
92350 3
92620 4
97470 2
97930 4
98440 3
98890 3
99360 4
99590 2
99830 2
100080 3
100290 4
101130 4
101650 4
102150 2
102610 2
103060 4
103360 2
103590 3
103840 3
104900 4
105380 1
105880 1
106360 2
106810 4
107090 3
107330 3
107600 3
107820 4
108640 2
109120 2
109620 3
110090 4
110570 3
110820 4
111080 4
111370 3
111970 2
112540 1
113340 1
114280 1
115230 2
116130 4
117070 4
117980 1
118950 1
119830 2
120770 3
121730 2
122720 3
123520 4
124570 1
125470 3
131170 2
131630 2
132130 1
132620 3
133080 4
133330 1
133570 4
133780 4
134030 1
134870 1
135390 4
135860 1
136340 4
136840 3
137090 1
137330 2
137530 3
137780 1
138630 2
139150 4
139580 3
140080 2
140550 1
140780 4
141020 2
141290 1
142350 2
142900 1
143360 1
143860 3
144340 4
144840 2
145290 4
145710 2
146210 1
146660 1
147150 4
137680 3
148110 3
148570 4
149040 4
149530 3
149990 1
150470 1
150920 3
151380 1
151860 4
152340 4
152840 2
153270 3
153770 3
153970 4
154180 1
154420 2
154650 3
154880 3
155130 1
155390 4
155610 2
155830 3
156070 4
156300 2
156550 4
156770 2
156980 1
157220 2
157420 2
157530 1
157670 1
157800 4
157930 4
158070 3
158180 2
158310 1
158800 3
159320 2
159790 4
160240 3
160720 2
161180 2
161650 1
162130 4
162570 1
163050 1
163540 1
164010 4
164490 3
165060 4
165470 4
165950 1
166460 4
166920 4
167350 1
167790 4
168310 1
168740 3
169250 4
169690 1
170130 1
170600 4
171050 3
171540 4
172020 4
172460 2
172940 2
173360 2
173880 1
174310 2
174580 2
174830 3
175070 1
175320 1
175760 4
176240 1
176680 2
177140 3
177590 1
178080 2
178310 2
178580 4
178800 4
179020 3
179520 4
179990 3
180480 4
180940 2
181410 1
181840 4
182070 3
182350 4
182550 1
182780 3
183680 2
184210 2
184660 1
185090 1
185590 2
185830 1
186080 2
186320 3
186530 2
187470 1
187960 1
188390 2
188840 3
189340 3
189560 2
189840 3
190080 1
190280 1